2,2 0,0 3,7
2
103456685, 111111116, 123456683, 123456696, 444444444, 456456788, 567111227, 777777778, 777777779
[1] 567111227 did 1. Total: 1
[1] 456456788 did 1. Total: 2
[1] 111111116 did 2. Total: 4
[1] 123456683 did 1. Total: 5
[1] 777777779 did 2. Total: 7
[1] 103456685 did 3. Total: 10
[1] 123456696 did 2. Total: 12
[1] 444444444 did 1. Total: 13
[1] 777777778 did 5. Total: 18
5,10,10,8
[2] 567111227 did 1. Total: 1
[2] 456456788 did 1. Total: 2
[2] 111111116 did 2. Total: 4
[2] 123456683 did 1. Total: 5
[2] 777777779 did 2. Total: 7
[2] 103456685 did 3. Total: 10
[2] 123456696 did 2. Total: 12
[2] 444444444 did 1. Total: 13
[2] 777777778 did 5. Total: 18
5,10,10,8
