2,2 3,5 2,3 2,2 2,3 2,2 3,4 3,5 0,0 2,3 3,4 2,2 3,4 3,4 2,2 2,2 2,2 3,4 3,4 1,1 1,1 2,2 1,1 4,10 3,4 2,2 2,3
3
108058596, 113050277, 117940319, 119542646, 124246302, 136086166, 141008570, 145743822, 147471100, 160654181, 206249522, 222668359, 225992594, 226414024, 260921699, 268894030, 292813605, 299815006, 302059596, 309828110, 334123222, 355312551, 407199359, 410381009, 421329958, 424976220, 431156380, 454445940, 463600291, 466737609, 473455769, 473902403, 483308072, 505839556, 510887490, 523398189, 546394242, 554171896, 569644765, 573930531, 583403730, 585723682, 591247556, 624782947, 627666647, 631144186, 635464627, 638513442, 673145815, 675215269, 676574090, 688324029, 706349604, 710008936, 714311478, 714988146, 726599232, 757993218, 769340768, 773923012, 774875280, 776821781, 797978669, 822785907, 825061217, 826703844, 836672270, 858404710, 873530955, 876722845, 879200645, 905564271, 911745512, 912614316, 925713519, 934441531, 958161980, 961780528, 963622660, 966685206, 992398218
[1] 473902403 did 1. Total: 1
[1] 635464627 did 1. Total: 2
[1] 141008570 did 1. Total: 3
[1] 627666647 did 2. Total: 5
[1] 554171896 did 1. Total: 6
[1] 309828110 did 1. Total: 7
[1] 638513442 did 1. Total: 8
[1] 546394242 did 1. Total: 9
[1] 963622660 did 1. Total: 10
[1] 992398218 did 1. Total: 11
[1] 573930531 did 1. Total: 12
[1] 676574090 did 2. Total: 14
[1] 776821781 did 1. Total: 15
[1] 268894030 did 1. Total: 16
[1] 726599232 did 1. Total: 17
[1] 124246302 did 2. Total: 19
[1] 569644765 did 1. Total: 20
[1] 473455769 did 3. Total: 23
[1] 912614316 did 1. Total: 24
[1] 431156380 did 1. Total: 25
[1] 873530955 did 1. Total: 26
[1] 225992594 did 1. Total: 27
[1] 858404710 did 1. Total: 28
[1] 836672270 did 1. Total: 29
[1] 505839556 did 1. Total: 30
[1] 260921699 did 3. Total: 33
[1] 483308072 did 1. Total: 34
[1] 117940319 did 2. Total: 36
[1] 714311478 did 1. Total: 37
[1] 673145815 did 1. Total: 38
[1] 463600291 did 3. Total: 41
[1] 825061217 did 6. Total: 47
[1] 108058596 did 1. Total: 48
[1] 769340768 did 1. Total: 49
[1] 966685206 did 1. Total: 50
[1] 925713519 did 7. Total: 57
[1] 905564271 did 1. Total: 58
[1] 523398189 did 1. Total: 59
[1] 421329958 did 2. Total: 61
[1] 958161980 did 1. Total: 62
[1] 774875280 did 1. Total: 63
[1] 424976220 did 6. Total: 69
[1] 292813605 did 3. Total: 72
[1] 826703844 did 1. Total: 73
[1] 226414024 did 1. Total: 74
[1] 822785907 did 1. Total: 75
[1] 147471100 did 2. Total: 77
[1] 773923012 did 1. Total: 78
[1] 410381009 did 1. Total: 79
[1] 302059596 did 2. Total: 81
[1] 797978669 did 1. Total: 82
[1] 136086166 did 1. Total: 83
[1] 961780528 did 1. Total: 84
[1] 160654181 did 8. Total: 92
[1] 714988146 did 1. Total: 93
[1] 688324029 did 1. Total: 94
[1] 934441531 did 1. Total: 95
[1] 583403730 did 1. Total: 96
[1] 585723682 did 1. Total: 97
[1] 113050277 did 2. Total: 99
[1] 911745512 did 4. Total: 103
[1] 119542646 did 1. Total: 104
[1] 706349604 did 2. Total: 106
[1] 591247556 did 6. Total: 112
[1] 355312551 did 2. Total: 114
[1] 631144186 did 10. Total: 124
[1] 454445940 did 3. Total: 127
[1] 466737609 did 4. Total: 131
[1] 624782947 did 6. Total: 137
[1] 206249522 did 12. Total: 149
[1] 675215269 did 13. Total: 162
[1] 710008936 did 30. Total: 192
[1] 876722845 did 5. Total: 197
[1] 299815006 did 27. Total: 224
[1] 407199359 did 6. Total: 230
[1] 879200645 did 28. Total: 258
[1] 145743822 did 30. Total: 288
[1] 757993218 did 29. Total: 317
[1] 334123222 did 4. Total: 321
[1] 222668359 did 2. Total: 323
[1] 510887490 did 62. Total: 385
62,99,192,193
[2] 473902403 did 1. Total: 1
[2] 635464627 did 1. Total: 2
[2] 141008570 did 1. Total: 3
[2] 627666647 did 1. Total: 4
[2] 554171896 did 1. Total: 5
[2] 309828110 did 1. Total: 6
[2] 638513442 did 1. Total: 7
[2] 546394242 did 1. Total: 8
[2] 963622660 did 1. Total: 9
[2] 992398218 did 1. Total: 10
[2] 573930531 did 1. Total: 11
[2] 676574090 did 1. Total: 12
[2] 776821781 did 1. Total: 13
[2] 268894030 did 1. Total: 14
[2] 726599232 did 1. Total: 15
[2] 124246302 did 1. Total: 16
[2] 569644765 did 1. Total: 17
[2] 473455769 did 3. Total: 20
[2] 912614316 did 2. Total: 22
[2] 431156380 did 1. Total: 23
[2] 873530955 did 1. Total: 24
[2] 225992594 did 1. Total: 25
[2] 858404710 did 1. Total: 26
[2] 836672270 did 1. Total: 27
[2] 505839556 did 1. Total: 28
[2] 260921699 did 2. Total: 30
[2] 483308072 did 3. Total: 33
[2] 117940319 did 5. Total: 38
[2] 714311478 did 4. Total: 42
[2] 673145815 did 1. Total: 43
[2] 463600291 did 1. Total: 44
[2] 825061217 did 2. Total: 46
[2] 108058596 did 3. Total: 49
[2] 769340768 did 1. Total: 50
[2] 966685206 did 1. Total: 51
[2] 925713519 did 1. Total: 52
[2] 905564271 did 1. Total: 53
[2] 523398189 did 2. Total: 55
[2] 421329958 did 1. Total: 56
[2] 958161980 did 12. Total: 68
[2] 774875280 did 1. Total: 69
[2] 424976220 did 2. Total: 71
[2] 292813605 did 1. Total: 72
[2] 826703844 did 1. Total: 73
[2] 226414024 did 2. Total: 75
[2] 822785907 did 1. Total: 76
[2] 147471100 did 4. Total: 80
[2] 773923012 did 6. Total: 86
[2] 410381009 did 1. Total: 87
[2] 302059596 did 3. Total: 90
[2] 797978669 did 3. Total: 93
[2] 136086166 did 19. Total: 112
[2] 961780528 did 1. Total: 113
[2] 160654181 did 3. Total: 116
[2] 714988146 did 24. Total: 140
[2] 688324029 did 4. Total: 144
[2] 934441531 did 36. Total: 180
[2] 583403730 did 38. Total: 218
[2] 585723682 did 1. Total: 219
[2] 113050277 did 1. Total: 220
[2] 911745512 did 5. Total: 225
[2] 119542646 did 17. Total: 242
[2] 706349604 did 3. Total: 245
[2] 591247556 did 31. Total: 276
[2] 355312551 did 43. Total: 319
[2] 631144186 did 17. Total: 336
[2] 454445940 did 47. Total: 383
[2] 466737609 did 5. Total: 388
[2] 624782947 did 2. Total: 390
[2] 206249522 did 49. Total: 439
[2] 675215269 did 1. Total: 440
[2] 710008936 did 47. Total: 487
[2] 876722845 did 60. Total: 547
[2] 299815006 did 61. Total: 608
[2] 407199359 did 27. Total: 635
[2] 879200645 did 53. Total: 688
[2] 145743822 did 57. Total: 745
[2] 757993218 did 78. Total: 823
[2] 334123222 did 5. Total: 828
[2] 222668359 did 31. Total: 859
[2] 510887490 did 67. Total: 926
68,220,487,439
